633
1
248
588
258
54
630
831
13
299
22
100
290
208
500
842
636
307
873
160
114
118
343
698
434
429
394
383
804
912
399
640
429
123
922
652
754
801
35
828
180
146
701
404
332
860
92
255
838
38
191
811
275
767
460
543
759
358
166
461
329
468
794
128
323
600
389
300
795
693
223
954
659
678
802
808
974
234
328
17
934
338
56
92
209
231
929
988
152
380
668
612
415
728
950
521
235
930
756
210
927
914
373
492
625
447
489
860
674
493
296
814
626
793
756
684
315
314
194
676
674
139
900
757
460
578
975
266
410
277
314
340
702
51
698
422
265
22
886
658
195
57
642
901
772
243
646
1000
586
202
252
286
488
959
378
832
724
893
945
568
837
716
345
64
46
556
444
874
773
724
353
435
780
620
823
42
780
576
987
532
702
360
255
127
283
596
278
739
750
507
236
695
316
367
458
239
964
273
154
267
418
345
672
201
140
369
672
738
403
773
469
878
746
566
120
324
696
881
68
433
860
616
57
826
891
929
590
126
726
554
581
797
836
188
244
356
901
524
967
487
841
319
806
242
622
591
997
747
665
114
603
16
469
505
689
628
771
414
878
679
189
969
440
620
753
862
183
910
878
430
162
762
549
884
561
118
115
786
227
44
496
758
664
380
600
33
909
706
105
563
642
781
614
263
26
110
589
838
406
385
411
786
934
72
399
245
253
751
219
551
60
170
284
888
351
948
635
271
991
54
864
526
515
529
721
779
8
271
574
813
723
563
174
689
564
35
773
701
674
924
861
83
923
807
411
814
347
151
425
892
144
275
911
135
265
186
777
502
500
156
400
474
18
190
149
430
741
757
929
345
46
521
184
451
514
407
903
714
602
346
465
932
785
229
678
728
830
923
545
119
893
210
435
608
298
934
904
663
407
734
807
100
937
515
793
282
666
71
744
55
858
454
782
432
16
882
550
375
349
21
338
553
968
766
317
481
898
41
607
576
280
817
858
301
190
640
354
361
172
744
332
633
695
528
644
533
801
914
55
758
262
446
742
779
349
141
678
107
101
646
931
433
424
689
216
657
321
583
446
567
701
487
18
400
514
830
233
140
46
869
779
425
831
216
552
658
785
52
2
963
275
707
133
764
604
149
580
635
519
680
642
999
607
115
971
43
392
219
853
803
462
344
131
372
694
715
428
779
698
823
550
325
139
337
33
569
962
692
795
262
876
16
198
56
314
783
163
506
114
355
42
132
965
310
647
772
825
43
789
381
826
716
287
282
643
438
365
882
3
54
405
185
147
375
206
855
239
862
534
693
980
512
875
260
3
323
662
104
292
601
620
934
222
252
713
168
220
135
643
510
569
749
536
455
327
168
809
45
351
365
442
690
547
717
140
71
845
563
829
231
37
907
170
72
134
78
949
376
721
64
493
598
857
932
339
986
622
323
577
122
616
799
517
528
57
580
989
196
702
516
64
821
189
500
579
621
393
788
338
753
94
848
352
411
373
542
603
527
237
58
351
313
380
31
589
508
293
979
977
43
770
556
677
355
281
11
114
877
261
252
60
796
57
431
211
501
287
93
896
449
334
291
768
903
549
438
50
301
286
905
18
853
606
661
730
9
817
209
370
567
665
752
606
565
298
495
724
348
718
904
524
100
630
783
731
880
812
169
908
808
192
305
55
222
741
287
792
925
272
381
537
518
518
408
876
389
436
838
577
302
197
288
470
526
596
907
262
222
434
769
548
148
957
427
543
555
528
546
604
218
849
435
867
879
901
492
558
440
395
704
236
86
918
319
1000
12
168
947
782
284
629
133
365
509
618
295
735
232
955
192
275
803
515
585
723
635
891
409
724
942
973
34
628
859
181
566
821
240
951
890
936
834
564
527
652
27
931
619
171
431
469
403
253
741
867
911
694
838
472
857
959
236
684
281
84
341
615
55
478
441
701
259
210
878
599
412
810
663
4
207
392
579
155
83
351
905
794
247
267
356
266
10
522
906
889
163
773
303
841
477
890
336
203
535
890
822
376
969
564
125
137
499
492
990
924
290
721
648
889
429
851
157
413
408
969
227
747
392
301
398
229
65
442
257
259
624
630
580
561
146
856
777
640
753
380
996
773
275
971
356
632
294
788
337
902
562
553
18
551
241
242
923
402
801
101
68
518
201
140
597
265
792
225
899
252
31
862
298
6
521
975
97
74
778
513
902
463
222
169
98
823
322
306
277
870
877
409
470
504
622
695
730
246
583
42
109
468
891
195
44
694
794
49
120
997
961
800
502
510
852
