254
46
244
604
64
888
171
354
132
969
518
498
547
633
743
646
668
4
721
54
334
802
568
83
200
630
689
335
748
45
484
829
801
217
291
711
393
110
292
634
392
416
387
201
703
191
626
928
569
247
647
600
357
807
116
57
606
111
610
787
573
38
614
86
744
846
115
290
210
999
868
587
580
138
397
362
722
701
823
418
84
112
524
166
922
983
168
202
325
278
843
93
871
551
331
374
895
789
773
546
932
599
149
411
162
611
420
30
431
403
58
718
997
960
636
937
604
68
927
65
504
910
996
325
747
930
847
431
189
1000
180
722
532
145
201
612
874
794
242
67
896
943
294
909
138
148
902
90
917
524
545
1000
45
652
933
205
316
898
487
197
387
284
977
265
334
300
380
255
964
621
741
466
998
668
197
611
590
997
939
634
80
805
702
312
264
989
312
306
502
101
153
220
515
362
574
40
366
431
513
993
968
519
690
159
283
27
642
997
396
445
373
992
264
719
479
364
170
819
121
362
300
48
82
514
829
841
214
698
726
855
476
82
136
521
664
853
600
6
738
695
781
71
28
234
844
285
877
186
412
355
232
277
401
681
763
895
161
17
278
952
537
875
289
462
177
770
240
948
131
327
647
18
112
906
811
43
585
307
234
540
162
553
324
424
604
513
469
92
366
463
577
13
292
194
546
573
684
7
9
791
270
474
395
744
872
71
6
262
878
764
225
846
577
104
884
603
449
435
885
587
306
887
364
903
595
769
14
730
995
833
944
32
893
568
310
154
959
606
838
438
267
155
884
258
130
410
601
365
751
375
592
151
235
776
794
363
713
146
966
95
894
581
609
133
156
895
695
146
204
907
273
45
234
344
138
431
902
327
697
589
119
989
419
130
675
114
829
202
748
969
755
553
275
328
486
511
550
557
365
647
187
976
311
42
704
997
486
55
576
790
694
21
647
459
540
252
555
956
779
944
350
425
377
799
165
444
364
171
818
673
593
349
441
967
267
702
736
206
678
750
564
309
679
302
378
645
870
814
124
398
796
216
232
307
471
285
676
509
818
863
533
644
405
515
882
693
309
995
411
63
333
221
569
346
546
235
205
378
612
476
876
658
942
815
904
802
12
599
108
50
938
467
959
548
99
244
303
996
439
875
684
376
122
452
182
606
229
842
325
98
758
659
593
448
884
993
846
950
190
638
270
198
444
60
543
633
567
783
540
528
523
519
949
390
168
431
140
804
3
138
966
806
639
912
58
261
550
971
558
659
309
901
99
727
553
846
612
814
882
560
154
807
121
904
688
835
94
756
62
646
298
27
786
616
729
134
990
375
603
32
658
180
725
484
605
638
480
395
176
472
723
854
904
419
228
929
252
302
776
405
266
475
57
630
147
43
48
277
201
491
535
447
6
986
832
189
110
707
897
252
253
272
687
705
188
551
728
733
378
1
793
765
397
883
218
962
191
424
580
867
61
482
148
33
208
498
121
451
86
253
896
610
16
319
862
965
808
504
888
599
668
438
962
138
703
338
353
655
284
591
776
355
708
56
95
349
598
562
840
224
23
925
605
451
760
889
889
754
701
720
271
982
47
1000
381
644
139
34
849
966
897
892
478
500
87
260
169
965
442
239
337
986
266
716
930
460
690
286
749
108
271
345
912
119
45
485
616
842
423
262
754
692
47
491
168
857
681
593
150
595
205
867
738
675
102
9
570
926
206
790
647
530
703
609
739
972
811
723
638
704
817
826
289
382
126
291
427
246
773
782
595
720
391
31
338
609
616
235
608
224
911
510
176
217
433
403
9
285
843
532
738
834
931
210
214
759
471
527
34
611
291
970
416
770
990
235
229
174
756
861
650
439
308
148
236
960
726
439
718
736
847
962
621
703
653
807
791
786
882
416
223
674
155
161
927
59
356
497
679
243
631
276
633
925
310
505
757
16
409
591
652
847
649
731
274
92
759
868
394
366
159
398
592
283
853
139
809
109
542
660
241
220
506
722
642
581
968
831
668
280
810
159
523
161
693
203
992
271
421
4
62
793
384
213
825
493
981
106
913
743
40
888
182
620
947
456
350
577
237
764
390
938
223
471
124
911
721
495
452
410
51
258
373
688
233
623
334
978
909
258
39
572
150
332
431
5
674
177
955
429
834
783
639
7
111
965
772
488
950
332
389
803
523
639
378
183
627
647
726
285
553
934
595
923
188
254
228
551
719
904
736
576
900
644
546
366
40
58
684
300
671
109
966
517
657
700
173
975
133
606
861
352
89
505
179
841
689
366
507
43
883
255
262
397
236
901
100
822
582
473
347
319
842
62
845
518
274
995
981
225
157
281
473
228
806
17
362
75
51
712
498
230
522
417
827
439
300
645
103
959
535
61
99
731
403
197
667
616
579
782
602
642
362
987
182
600
863
178
838
388
715
743
704
637
721
635
978
935
463
430
907
583
489
658
557
598
928
478
548
783
646
66
413
284
267
141
329
851
65
393
892
202
416
203
426
243
22
910
871
407
213
388
135
382
351
626
468
607
433
67
3
653
942
564
804
81
437
438
540
272
318
877
671
711
922
7
695
522
374
374
349
44
835
735
638
932
135
973
467
964
77
856
22
343
197
197
17
451
924
849
98
741
689
734
389
696
812
477
570
615
560
738
391
467
865
102
570
850
631
701
810
939
131
769
549
836
812
717
261
944
97
853
277
89
718
254
613
622
84
37
470
505
890
550
897
979
696
863
240
373
837
920
276
37
297
30
761
809
981
523
355
966
568
135
70
3
886
134
671
204
546
974
567
285
229
322
606
91
659
465
159
516
745
355
885
903
962
167
357
309
96
674
609
229
747
695
164
886
566
104
699
165
909
510
965
269
758
151
789
154
660
187
567
158
782
703
655
931
365
542
549
232
234
581
694
818
517
801
209
554
81
707
816
820
912
828
982
378
680
252
774
425
934
621
353
913
253
639
910
551
209
175
790
287
49
997
699
232
458
492
922
534
319
19
291
762
439
396
819
709
94
116
997
747
323
492
623
593
947
375
526
294
630
177
552
750
934
869
286
515
685
64
428
888
285
499
78
388
764
386
699
198
150
306
11
968
995
629
139
6
838
225
678
218
884
463
825
842
280
432
141
342
564
577
432
891
960
655
825
50
261
312
355
398
931
946
839
479
599
6
509
495
459
191
488
37
163
990
706
357
406
354
625
421
409
850
611
261
75
869
929
491
862
345
561
225
649
612
407
907
287
985
316
292
203
265
28
127
948
98
108
812
721
852
341
295
638
943
103
907
610
278
867
452
957
72
150
11
850
993
246
976
253
338
80
959
711
89
477
596
112
982
986
440
723
511
32
973
212
62
214
970
603
143
789
729
728
850
220
994
800
352
104
235
577
361
707
624
546
26
993
208
615
545
248
550
31
695
535
269
269
851
283
202
875
871
494
734
983
109
950
830
870
142
808
38
370
755
68
861
931
514
899
489
181
317
926
540
114
219
402
482
592
893
997
240
272
621
21
514
380
504
353
218
385
58
552
95
839
703
84
938
25
922
224
143
722
407
803
217
82
226
530
545
456
865
519
134
653
339
543
277
511
424
825
667
278
308
21
360
409
420
527
896
326
315
984
60
204
794
252
429
514
602
542
303
806
918
975
261
517
751
126
373
362
291
737
780
349
803
168
794
568
306
948
400
934
889
608
129
718
141
650
721
701
681
414
92
396
402
984
908
878
811
223
726
19
217
797
315
494
839
448
171
562
954
414
635
610
742
472
350
7
339
786
987
732
443
587
150
552
755
634
483
947
664
390
838
816
929
716
3
373
391
419
997
625
883
366
398
472
106
287
713
346
848
302
785
353
777
849
125
846
728
271
668
269
146
57
60
66
239
779
580
379
904
687
448
287
115
372
153
658
807
750
180
952
240
412
623
86
619
911
756
255
495
930
873
776
79
379
722
852
847
69
671
366
237
967
42
22
448
825
379
349
511
271
22
487
421
305
773
621
609
895
980
142
259
849
662
909
676
718
155
532
17
972
688
947
415
477
238
486
317
533
890
153
511
387
41
871
150
946
915
62
537
71
249
981
392
252
140
835
925
390
790
79
152
561
976
451
725
870
198
156
627
363
425
232
745
36
967
29
396
667
179
558
828
895
786
41
793
392
271
798
447
414
557
175
300
713
366
488
320
676
190
422
597
271
594
43
816
621
574
225
596
337
773
195
572
556
263
84
457
493
939
946
659
689
703
716
70
165
258
462
439
430
850
415
217
406
179
273
384
391
892
332
677
797
6
50
748
893
162
409
464
290
381
981
679
656
664
655
380
991
819
825
947
357
329
152
192
616
285
582
94
525
244
840
33
177
154
81
426
584
887
533
730
971
919
219
130
20
820
510
659
188
511
2
589
641
78
632
856
28
419
952
281
159
899
994
377
1000
445
726
332
214
400
993
375
401
304
459
308
818
385
891
140
485
653
753
694
874
341
820
588
966
871
644
34
832
444
97
377
41
60
355
321
351
178
348
832
3
214
810
896
454
920
317
713
935
873
431
876
618
503
982
349
351
27
837
127
33
673
940
65
375
984
692
699
831
653
301
500
433
886
63
461
327
90
632
468
542
670
628
47
518
702
622
566
54
317
559
429
610
258
864
394
856
241
90
918
938
634
663
713
899
953
958
247
551
909
834
598
251
3
205
508
514
507
786
164
899
566
764
660
206
251
39
647
435
248
19
472
702
989
314
841
167
415
940
58
659
590
239
393
611
213
487
428
504
634
164
470
804
13
548
640
36
924
690
823
177
610
51
34
34
32
305
668
995
413
993
540
64
258
204
429
77
765
5
265
547
742
38
754
738
95
649
497
321
378
673
718
182
884
693
874
481
629
707
429
968
153
220
649
33
615
230
990
393
342
699
517
629
112
353
993
342
938
867
815
264
26
137
267
56
974
184
967
535
932
916
494
40
80
577
404
696
509
615
63
727
900
93
159
598
125
476
898
886
477
399
439
995
681
155
104
634
91
145
908
751
638
122
498
604
55
173
481
439
670
608
568
171
956
692
980
51
84
224
897
208
313
66
418
245
435
64
140
850
599
45
337
917
148
921
227
900
517
90
319
377
356
441
97
475
530
219
549
341
356
841
100
480
597
781
717
543
43
968
924
404
590
361
337
442
407
352
155
829
385
252
513
444
723
504
530
523
542
379
365
446
440
487
604
902
213
932
452
574
445
792
62
803
944
466
549
695
76
107
142
562
375
1
325
587
116
895
216
11
264
398
959
642
867
270
771
509
849
943
27
489
618
498
122
722
221
211
685
508
85
754
20
454
105
457
849
139
734
947
623
388
463
270
981
851
215
6
392
841
876
913
616
897
25
461
141
942
675
588
169
1
402
201
929
832
498
191
529
48
975
990
924
139
198
675
401
608
523
65
642
860
545
584
700
667
225
952
440
227
199
426
887
971
36
161
523
374
452
248
873
709
883
618
512
610
357
403
828
737
292
778
407
630
183
19
775
900
128
70
745
607
513
422
27
972
641
840
52
849
496
992
365
409
704
276
10
503
751
382
589
289
85
732
580
307
366
222
634
720
46
54
943
875
41
395
762
405
451
341
216
357
658
989
418
572
562
240
550
959
94
530
747
756
936
270
993
264
810
975
321
680
58
63
506
494
815
613
833
482
261
113
753
480
430
424
127
783
320
364
408
540
974
398
947
114
329
546
35
442
365
492
552
946
541
144
525
5
902
243
78
626
492
375
508
186
991
374
698
294
43
220
315
812
826
563
102
79
734
671
932
346
206
29
959
491
169
712
551
920
925
991
568
438
779
163
107
159
180
65
758
644
541
420
298
963
794
742
786
481
311
637
44
623
579
680
309
457
438
126
753
192
759
98
296
498
448
107
761
232
540
229
30
898
466
308
15
60
240
306
958
997
156
88
223
795
285
253
253
391
959
247
245
605
364
614
188
773
388
471
578
478
889
962
647
386
971
206
642
989
411
866
338
301
746
936
310
329
347
346
837
997
975
302
354
777
848
446
378
890
741
490
319
71
523
785
487
637
410
883
513
143
447
75
341
812
551
205
242
826
377
594
45
570
403
623
619
615
149
357
821
423
532
265
826
463
489
678
740
39
107
167
828
72
559
287
208
938
406
401
511
899
459
700
172
388
599
332
183
350
741
592
550
96
461
831
749
652
811
711
622
550
676
620
535
702
40
964
116
183
239
587
111
326
941
132
577
729
313
784
194
976
643
724
808
817
814
712
221
502
997
405
63
406
746
855
973
58
508
803
812
133
421
217
594
217
321
266
508
697
839
593
429
692
154
284
755
287
304
944
841
560
487
473
451
963
937
530
900
407
455
779
800
449
407
548
382
310
274
155
973
264
159
208
572
738
78
240
973
299
787
477
850
433
891
244
700
868
317
354
733
499
232
659
526
99
571
164
844
610
52
851
13
600
109
557
641
606
306
456
609
529
580
190
721
7
812
754
341
886
509
410
497
461
514
436
439
171
624
363
905
397
912
724
871
95
654
301
507
54
440
854
711
666
712
353
933
560
453
799
161
87
212
689
980
580
605
872
970
730
268
509
403
10
722
21
571
48
754
881
730
336
215
4
120
137
440
458
941
790
202
777
368
829
652
91
869
942
125
853
409
262
249
828
750
886
798
150
131
432
19
577
754
614
724
218
408
405
689
314
843
870
296
859
996
808
165
107
478
874
728
793
155
117
696
180
264
299
203
838
571
217
176
677
683
438
179
194
596
179
141
322
227
604
792
987
634
292
350
1000
126
553
200
911
56
74
703
77
545
853
251
21
309
477
690
595
779
301
733
378
330
265
256
848
606
669
525
131
42
37
819
412
528
950
119
834
137
841
316
516
293
5
248
159
990
645
8
124
684
800
988
289
140
633
773
238
649
598
163
994
274
183
216
271
277
372
820
660
978
74
951
311
691
705
672
991
217
376
919
786
112
718
926
122
190
870
781
684
346
854
179
53
417
255
251
966
444
848
621
342
375
960
350
160
864
67
825
631
112
500
940
602
790
654
727
383
854
99
2
464
653
605
549
267
255
21
570
437
669
75
539
555
90
457
287
504
719
604
769
421
707
57
745
363
153
159
249
994
6
825
563
232
647
900
18
313
347
447
933
948
474
614
556
943
227
300
419
415
16
708
411
129
296
509
748
371
325
346
860
485
440
222
556
203
505
409
700
403
613
445
537
533
413
161
453
592
995
269
443
726
364
478
954
917
19
369
737
623
815
98
94
440
222
637
91
292
53
311
783
539
416
945
258
170
949
861
104
416
338
510
663
175
471
532
574
201
993
262
407
542
126
734
440
216
771
381
182
124
527
253
217
33
781
503
367
796
935
417
284
696
492
254
257
802
618
610
901
494
714
733
7
303
847
638
908
760
479
894
566
261
32
334
534
684
657
159
60
846
415
834
473
739
367
792
928
46
967
527
455
397
511
328
532
211
26
465
131
268
572
356
167
807
677
725
322
688
898
509
209
429
994
841
645
752
155
70
134
300
952
530
869
902
9
889
508
166
807
575
710
933
536
513
958
173
616
776
393
391
431
12
63
23
248
632
777
807
943
674
883
874
335
150
845
133
427
121
877
233
186
39
30
727
781
308
215
616
819
864
500
18
425
570
464
649
252
418
739
221
879
105
63
475
160
895
101
302
602
603
651
198
613
279
483
845
991
524
131
898
952
410
850
897
343
78
563
959
705
99
847
727
219
453
196
595
518
834
855
287
611
156
250
703
179
549
600
121
497
332
789
920
989
236
48
513
275
901
413
36
95
801
170
570
934
594
544
213
442
703
857
311
851
521
34
420
594
321
772
735
637
629
472
512
895
372
674
806
218
477
328
11
41
135
853
351
979
726
678
481
269
707
451
402
586
214
649
499
420
868
968
273
402
561
841
142
705
434
931
350
742
454
819
606
342
507
243
207
652
664
739
987
954
685
11
865
533
615
853
393
166
439
446
715
534
488
969
66
978
959
258
263
263
539
445
787
761
123
489
177
277
739
348
387
83
745
53
871
458
261
521
51
953
115
326
958
947
283
673
806
901
827
780
590
279
645
162
930
918
775
831
658
566
322
663
652
175
582
108
147
72
694
561
987
278
860
563
916
24
670
522
633
996
813
857
834
508
27
624
745
147
696
495
26
382
346
677
910
287
65
27
640
377
627
155
227
420
586
451
947
763
657
33
10
603
772
565
25
916
37
555
819
800
565
652
619
688
739
868
361
771
117
781
74
637
990
132
477
844
1
988
934
48
354
773
948
47
271
716
652
115
250
788
286
35
88
399
930
436
578
109
723
51
294
13
502
744
975
484
829
386
845
549
627
887
786
425
783
837
137
161
68
616
75
411
247
184
462
480
855
400
886
668
685
926
207
339
995
618
863
73
36
458
690
217
170
384
851
117
471
676
257
682
892
312
50
313
428
433
533
421
488
305
425
964
924
292
773
793
485
698
491
559
999
583
184
401
636
493
55
545
266
521
348
945
891
538
943
181
515
28
978
884
540
551
753
831
739
464
290
286
719
376
99
141
134
583
719
857
782
323
571
916
909
806
423
317
122
997
180
418
300
826
410
624
997
414
154
115
74
879
176
161
832
463
194
898
697
856
114
39
352
212
741
300
673
621
559
799
813
56
960
132
183
457
716
210
635
574
209
504
243
267
515
677
953
892
373
744
424
932
30
395
758
957
472
386
302
719
963
753
123
115
595
141
992
501
924
480
703
22
790
168
736
532
746
445
658
637
392
784
200
739
465
784
50
604
61
750
303
17
571
531
173
520
111
690
671
977
804
260
654
689
265
802
739
967
334
101
422
818
421
663
763
785
24
779
961
583
1000
755
75
274
901
634
515
359
533
338
293
777
801
835
119
87
919
952
155
730
741
511
527
674
595
946
830
369
645
737
965
988
27
904
79
111
229
649
178
418
317
97
686
489
620
309
542
29
316
781
435
460
120
662
246
915
781
827
503
445
502
839
505
838
412
885
60
986
234
358
637
860
610
740
854
37
860
591
664
662
508
360
768
43
416
815
901
404
753
710
113
9
753
105
103
898
217
249
188
596
986
586
996
615
404
658
945
213
473
385
75
893
657
429
59
174
1
1000
962
355
582
264
295
332
757
981
963
167
297
795
681
323
321
461
61
545
448
377
973
326
380
517
128
323
113
157
178
657
43
445
918
401
337
832
783
477
629
496
81
382
398
750
548
267
215
252
938
312
260
579
274
610
383
883
500
136
44
115
825
136
135
276
966
213
592
53
32
41
452
227
685
593
364
273
185
470
314
590
778
54
289
211
185
283
906
526
502
940
387
900
32
682
143
351
821
221
856
296
102
391
603
743
217
496
516
571
540
666
827
543
796
583
609
370
495
186
365
860
130
20
390
779
514
348
978
332
50
222
104
540
840
378
45
522
134
277
793
434
219
427
764
823
269
147
199
377
673
150
739
581
583
331
555
198
773
45
450
682
429
150
118
365
882
697
960
770
426
153
99
684
512
230
461
68
21
719
760
234
821
644
297
707
378
195
481
648
969
797
985
835
657
443
848
257
608
548
328
416
569
853
234
9
561
623
431
765
623
73
711
974
477
850
913
587
274
477
827
223
231
788
890
904
674
739
841
704
472
490
479
396
850
719
194
73
458
740
595
541
724
800
891
886
542
214
616
807
565
375
498
572
961
952
391
511
95
145
130
857
184
937
31
196
73
856
669
120
499
937
598
144
332
111
341
14
930
961
531
592
920
133
717
664
589
683
871
973
259
682
995
978
687
535
880
969
899
172
482
227
371
228
273
235
856
861
288
746
398
28
903
701
893
583
77
579
297
290
255
235
335
791
685
936
903
184
913
724
450
56
793
621
111
21
621
108
585
703
607
458
359
294
25
263
650
108
772
789
218
346
268
906
389
475
66
7
853
287
22
315
122
315
94
189
944
706
107
658
801
822
474
32
110
19
1
337
971
516
562
592
636
835
477
167
173
744
98
268
375
489
304
886
850
83
701
475
390
334
26
577
543
453
585
308
491
138
273
919
898
866
167
610
575
540
987
83
355
147
704
301
81
720
130
264
866
1000
743
639
355
22
543
981
104
512
632
874
435
4
211
849
243
987
190
180
591
822
858
844
945
977
778
362
132
277
574
139
339
866
976
762
310
728
410
841
657
628
664
568
73
352
90
680
469
374
394
788
334
725
827
700
622
706
283
754
796
93
565
483
437
777
232
987
787
174
289
473
903
300
762
727
713
449
90
826
339
150
583
535
685
618
240
762
480
836
407
793
999
368
570
729
385
29
739
582
867
313
988
428
953
654
542
41
600
116
321
399
252
310
353
139
769
693
165
971
576
418
480
947
301
263
542
936
85
952
775
727
882
161
413
142
557
819
378
191
658
239
194
431
863
468
679
263
64
803
764
601
220
91
706
380
854
897
175
446
387
185
58
327
15
382
865
491
501
751
755
377
138
198
205
11
762
192
956
787
780
512
812
198
554
764
621
459
33
479
128
85
749
992
238
473
773
927
895
431
595
107
177
219
889
952
407
992
561
253
428
83
666
281
158
526
616
103
141
788
947
161
808
980
1000
929
133
763
273
334
854
295
371
328
328
563
70
648
567
383
485
130
664
755
728
844
187
313
109
616
519
632
650
435
71
513
892
308
956
958
509
83
31
589
149
467
325
746
676
356
289
502
345
55
359
329
595
189
754
57
884
741
791
224
491
454
348
111
476
701
347
188
960
384
263
538
545
743
375
865
223
626
4
273
607
156
134
465
244
376
839
624
664
124
900
44
530
952
798
567
355
303
792
231
971
151
531
536
34
492
346
294
756
34
181
252
448
491
865
921
492
323
367
77
944
736
936
768
621
574
564
784
922
259
508
34
303
117
63
615
652
120
590
923
559
138
465
670
813
155
603
209
251
736
917
782
911
466
367
232
200
299
232
363
731
266
589
749
173
719
892
832
314
308
321
318
804
776
887
182
541
123
325
352
14
735
817
87
162
44
848
238
667
99
421
216
87
296
787
385
351
933
962
992
700
774
87
100
433
293
262
507
293
766
508
476
735
596
928
984
780
254
485
208
597
2
530
300
700
672
694
386
426
928
783
673
266
298
547
51
308
131
950
94
39
346
134
506
920
163
543
253
502
837
619
353
421
309
45
851
118
129
295
459
559
436
35
443
811
31
286
6
558
647
809
306
840
102
88
393
706
239
798
296
991
743
785
547
433
487
223
841
964
940
256
14
809
673
394
153
511
335
885
980
372
490
167
598
642
592
370
596
299
550
793
444
360
298
940
454
548
241
695
541
673
581
188
502
102
829
624
577
453
874
738
306
437
185
697
198
940
723
361
918
758
796
116
953
301
901
839
527
354
562
622
694
570
610
612
668
572
147
774
125
773
728
521
779
143
556
795
91
979
672
476
205
825
24
980
155
914
254
487
781
710
593
984
509
797
650
115
842
266
868
323
475
458
555
673
138
360
107
525
188
215
870
853
92
379
397
409
244
78
660
174
820
580
490
875
701
202
311
66
518
574
36
167
13
203
921
857
430
756
30
464
755
694
436
732
116
308
854
669
554
572
790
329
255
675
60
319
774
686
712
433
185
648
358
919
274
344
203
353
247
787
161
728
891
571
305
524
712
497
76
808
15
309
562
577
237
205
679
132
72
513
741
457
188
298
59
809
32
952
417
980
343
995
913
843
335
636
592
810
779
279
765
373
285
731
233
844
887
256
543
347
251
666
385
819
38
309
30
799
779
47
145
770
259
319
551
375
439
195
235
735
32
978
453
777
141
830
87
569
835
842
136
590
531
190
129
657
569
794
795
732
65
35
984
803
652
881
482
64
599
18
649
650
544
858
458
942
257
855
302
329
969
781
886
868
120
555
306
557
868
339
809
934
353
573
454
327
84
681
346
648
601
65
252
532
471
577
600
602
959
143
457
272
695
502
484
592
424
933
368
520
371
979
797
67
587
847
915
11
858
992
480
822
81
444
70
578
756
98
826
515
576
802
80
983
709
716
700
167
320
897
132
240
70
661
20
170
126
873
386
349
52
167
486
653
759
801
399
412
192
224
121
945
169
47
829
729
418
855
493
850
416
134
714
63
197
941
712
908
273
684
999
308
974
550
918
516
829
197
955
410
70
815
702
342
200
591
335
219
653
640
732
685
535
186
573
260
736
60
490
826
236
997
845
560
790
983
567
66
802
593
556
44
199
558
226
432
760
6
232
730
608
621
660
834
261
250
700
314
605
452
69
84
556
665
804
176
436
678
249
672
973
439
239
105
520
621
420
371
908
47
469
734
384
832
657
510
674
225
73
310
377
325
701
297
406
482
513
877
111
632
800
31
138
205
605
801
293
754
649
710
994
934
235
753
218
504
91
316
629
389
307
470
167
716
840
74
540
574
979
419
391
372
410
903
262
493
781
843
303
68
113
501
279
860
350
992
174
32
994
999
208
121
120
817
803
241
94
900
566
108
688
207
608
702
2
21
907
15
433
615
929
231
443
139
278
716
506
964
324
413
782
813
300
454
837
609
631
701
548
476
393
903
558
590
332
476
627
561
346
596
537
574
964
764
229
880
203
321
861
757
976
890
78
424
972
382
802
970
167
512
663
208
374
660
381
690
947
812
926
518
142
456
712
304
177
992
56
407
384
350
712
163
894
238
750
59
527
662
248
16
373
55
643
399
494
633
274
146
150
385
514
23
499
235
924
422
39
389
174
150
402
740
828
780
359
705
54
702
428
890
362
657
294
712
801
87
35
693
898
533
536
622
55
845
821
563
239
548
359
352
473
548
240
215
90
232
872
599
607
387
788
752
425
192
180
325
643
221
41
320
469
897
539
879
694
488
811
190
571
239
897
701
729
239
577
489
229
382
867
644
798
233
923
878
735
988
116
368
955
131
248
97
255
941
25
127
763
574
643
510
791
762
273
823
390
533
771
141
656
627
510
813
467
494
737
586
171
204
828
936
294
692
203
419
288
573
18
453
415
395
274
915
460
731
69
217
419
873
568
584
749
704
706
55
696
740
518
34
558
390
822
109
420
701
233
610
260
35
566
266
492
325
930
66
451
991
148
677
670
638
25
17
705
424
200
816
991
436
735
145
185
658
203
798
259
115
10
418
366
256
362
200
765
288
439
999
939
580
880
183
816
327
950
258
783
928
333
901
377
229
67
835
214
925
994
724
768
225
389
564
583
322
709
416
828
775
608
395
709
39
261
775
150
227
392
219
176
608
939
910
476
361
558
936
19
849
735
40
379
199
217
61
428
502
317
247
258
327
552
408
380
509
48
890
835
816
483
731
422
114
900
454
934
728
729
265
237
61
52
229
915
985
758
540
375
336
437
754
85
942
695
227
655
81
766
157
207
95
381
288
82
859
554
954
843
633
109
426
994
399
85
752
60
500
916
873
310
279
806
866
330
149
240
633
667
57
974
866
370
23
379
90
546
475
530
483
733
811
14
539
968
738
96
612
5
667
113
815
237
775
547
754
252
856
413
476
112
770
763
655
345
669
687
249
552
182
372
331
195
677
54
736
858
549
550
994
735
208
515
790
337
48
145
813
622
477
985
907
415
340
967
739
168
622
694
569
648
416
825
873
425
219
669
39
336
1000
328
717
425
972
304
201
933
695
471
453
241
624
360
926
915
341
22
86
319
54
52
635
520
551
229
340
931
253
789
88
306
378
900
645
256
824
262
941
738
586
1000
454
107
91
982
351
641
109
835
883
173
675
611
119
828
408
1
793
341
664
95
453
579
666
726
600
407
318
647
953
312
444
409
803
654
598
583
988
105
956
269
253
784
3
135
3
116
549
957
546
424
568
270
669
258
934
951
996
664
802
747
582
787
322
820
251
741
532
607
863
322
54
83
827
728
296
726
532
433
963
380
276
163
332
3
847
237
198
831
281
976
568
381
353
63
890
879
506
270
175
685
278
145
616
323
1000
492
665
184
978
474
87
842
812
202
234
392
473
58
543
598
298
514
45
417
387
873
800
711
227
759
836
840
676
737
525
205
807
149
302
153
70
168
344
849
493
767
597
193
130
46
850
220
219
677
769
996
428
225
736
844
14
52
538
6
119
53
279
50
882
98
640
115
818
125
105
899
634
594
54
741
815
909
221
832
61
248
679
244
821
84
772
994
944
36
605
172
578
910
38
414
540
24
363
742
594
305
204
658
736
416
668
110
587
466
640
255
582
196
983
791
856
398
678
453
17
472
170
825
940
342
290
356
897
820
780
520
390
617
808
235
584
90
305
871
281
212
915
407
615
984
344
345
613
99
69
890
699
570
357
708
586
91
590
312
956
824
943
445
816
217
258
386
793
656
171
58
536
475
635
987
787
238
921
977
286
146
279
904
548
335
538
382
930
716
35
635
167
285
598
631
403
248
519
231
570
792
104
162
598
869
938
847
870
391
496
693
623
295
854
174
942
198
874
977
23
226
618
960
983
522
130
637
832
176
462
719
652
370
889
183
869
336
126
428
845
31
369
910
283
511
272
417
346
806
881
455
588
755
382
840
980
109
854
752
318
959
511
499
708
9
139
541
866
303
138
377
868
933
116
598
248
327
415
807
800
752
617
373
12
69
878
701
390
73
531
281
749
848
272
538
707
645
482
740
625
383
189
801
435
158
83
948
976
646
194
465
614
964
63
658
778
405
86
243
890
933
14
538
455
692
482
895
208
474
955
250
622
634
995
1
899
316
345
950
430
827
213
555
548
12
795
487
58
482
807
382
701
404
537
56
287
881
121
937
41
321
602
547
177
202
886
690
912
796
290
518
197
261
301
512
182
954
149
746
531
694
626
914
589
370
330
897
33
24
278
925
969
633
441
701
694
749
484
290
370
88
933
371
886
188
437
151
155
778
292
930
462
841
682
549
988
873
291
603
771
168
365
315
286
194
222
304
524
61
238
991
610
898
752
665
120
495
599
624
430
52
956
920
131
671
731
667
422
881
766
107
775
480
488
88
127
476
237
293
382
824
929
887
123
763
29
174
850
600
202
559
268
407
515
19
566
661
634
215
205
202
14
542
340
285
716
616
799
43
785
398
197
828
648
501
435
178
405
293
571
138
33
869
917
509
727
901
591
999
41
365
831
149
867
253
50
608
844
387
704
975
98
273
364
886
44
435
772
215
302
448
445
324
475
440
339
400
613
720
741
388
994
522
523
478
63
343
102
531
317
632
166
250
932
723
234
482
287
909
796
45
306
353
100
232
658
831
410
68
814
669
808
122
665
141
110
717
535
461
390
100
999
771
799
901
550
843
239
566
489
69
70
112
968
552
712
530
915
634
171
547
772
824
933
948
42
382
618
7
973
410
342
391
920
434
164
909
6
512
535
517
846
877
71
529
229
646
354
215
270
736
527
82
67
301
580
787
989
676
335
267
846
948
116
508
772
495
103
554
223
432
399
811
783
873
665
623
410
701
917
739
519
830
885
340
23
796
863
682
149
473
614
133
875
611
736
550
648
210
956
75
776
835
857
517
890
579
195
484
155
52
580
560
885
375
815
124
550
178
409
955
122
909
976
605
593
9
734
796
769
531
974
367
561
572
40
112
992
217
275
836
371
224
968
639
705
254
600
806
410
255
198
593
415
919
297
165
786
540
234
926
960
986
753
195
195
572
919
617
66
288
667
595
155
621
688
46
355
684
807
257
674
178
464
337
132
117
466
276
37
884
327
763
367
150
682
880
922
448
109
227
831
119
332
546
266
268
894
35
126
625
976
634
562
367
765
419
783
968
656
456
814
447
293
114
663
131
70
456
898
770
647
6
4
619
329
320
156
391
805
954
120
888
240
246
207
464
785
785
734
82
548
868
16
446
267
107
962
964
322
53
148
952
154
59
425
690
492
227
496
238
4
437
752
630
574
554
469
226
922
16
856
241
629
421
759
113
624
997
380
790
693
272
989
95
831
460
784
110
562
738
650
752
316
34
423
570
199
892
114
829
970
579
69
441
537
933
732
538
153
372
484
361
586
37
372
440
786
177
726
260
485
973
791
261
833
584
275
271
37
419
799
102
281
870
387
487
690
46
141
653
149
370
997
343
507
978
129
688
488
599
824
311
231
111
945
87
821
461
716
430
187
315
398
550
119
535
732
954
724
980
645
844
860
501
956
186
454
118
260
473
27
334
721
928
844
525
920
75
451
922
773
507
822
362
251
348
174
318
189
680
678
225
156
694
607
790
274
716
498
924
664
2
641
449
598
383
265
985
324
653
628
264
470
216
670
68
724
506
785
807
138
605
310
860
643
620
739
596
885
4
493
653
279
978
225
620
691
342
25
895
721
780
886
480
217
443
248
7
235
422
528
120
636
571
71
74
845
599
261
242
125
513
589
405
778
785
417
384
153
160
588
350
541
495
609
212
339
706
381
327
964
817
28
279
233
318
216
932
765
241
204
130
679
284
678
147
248
728
116
229
2
964
284
810
545
231
717
26
343
54
69
592
312
731
68
735
674
804
346
776
300
439
224
116
75
436
388
747
203
964
249
242
911
194
25
817
348
744
39
566
811
492
617
947
630
125
443
700
94
553
212
514
688
983
220
69
355
703
612
208
387
55
980
987
622
239
269
8
324
292
224
624
645
641
741
536
61
644
110
864
383
668
766
554
532
200
764
352
779
11
153
13
13
564
239
227
11
445
843
988
792
216
702
28
883
2
513
361
59
484
527
936
232
916
371
608
46
692
147
535
428
334
409
171
113
794
790
791
549
184
5
480
708
987
769
699
82
555
579
898
907
14
738
902
281
666
720
673
496
928
210
751
513
74
12
61
811
914
270
931
414
972
831
288
556
586
615
142
10
833
785
792
309
555
896
900
784
271
707
175
633
815
765
576
223
388
789
906
564
76
113
145
305
355
874
527
308
948
927
500
599
732
539
211
940
903
68
150
137
196
168
192
646
147
383
129
498
359
329
651
771
42
497
270
440
884
522
71
978
761
837
366
825
365
962
519
896
461
108
990
559
366
714
614
758
745
649
717
441
968
736
663
491
522
954
584
239
458
113
545
696
974
266
306
630
16
886
71
6
165
24
474
94
679
637
757
511
887
65
344
69
951
347
6
663
527
84
892
588
41
451
977
463
509
144
509
301
535
789
579
174
134
21
537
357
618
34
158
682
871
856
350
794
642
617
211
622
163
492
802
289
639
430
213
993
900
156
785
114
630
387
976
181
645
607
864
141
547
599
794
922
338
888
672
487
879
383
840
805
977
26
913
221
624
566
638
666
216
572
935
482
649
189
943
700
186
546
234
169
754
21
175
387
732
561
696
295
316
555
808
404
337
829
113
762
405
951
280
855
366
895
416
73
312
527
873
607
568
429
37
452
730
687
992
528
476
801
694
198
896
840
699
961
982
824
706
21
898
424
521
509
153
271
68
114
441
795
105
398
838
916
137
855
59
166
754
169
337
383
626
149
53
1
829
44
158
506
398
667
392
804
762
705
137
942
629
180
482
732
671
592
599
476
840
844
295
530
658
950
514
823
750
388
85
382
293
31
592
421
459
106
489
170
413
655
505
156
559
920
936
78
627
939
302
115
747
381
735
272
76
476
529
723
992
744
758
771
834
551
936
46
991
307
654
231
196
605
220
167
191
250
156
285
339
519
819
519
633
680
64
9
547
792
695
58
752
443
856
578
170
384
58
232
60
711
458
781
570
176
850
367
865
132
677
790
202
658
456
275
44
149
617
78
721
933
364
835
851
161
666
169
232
714
65
954
812
265
256
268
224
612
515
332
373
323
491
469
419
976
223
786
207
187
719
23
711
118
676
119
937
793
171
313
194
834
836
189
227
384
278
533
311
993
506
279
405
917
314
556
759
189
689
634
404
97
3
105
523
54
531
311
852
7
473
824
554
952
926
155
98
480
861
29
957
269
568
919
988
517
651
334
532
994
860
738
160
942
918
393
139
59
875
766
140
17
891
644
548
651
862
12
424
856
578
169
111
635
40
540
941
967
58
258
86
906
641
986
409
328
248
583
52
7
396
323
514
333
196
69
336
401
459
474
465
469
767
655
173
93
497
939
869
308
946
814
413
277
190
90
433
681
496
269
962
28
37
249
355
528
162
597
960
278
324
983
915
781
567
241
325
913
241
64
588
841
698
478
891
434
526
505
398
679
507
994
293
297
367
109
477
116
981
599
364
221
902
956
412
430
169
263
37
614
780
147
185
265
382
624
288
923
414
333
239
696
960
807
89
424
596
119
942
66
497
250
497
188
459
17
221
456
647
71
932
731
224
568
890
477
799
721
500
450
162
850
361
138
324
700
437
911
393
886
458
382
188
851
397
876
730
847
807
801
127
40
701
976
121
869
788
552
553
873
857
346
194
228
153
996
730
315
708
964
11
672
622
493
79
840
594
600
290
480
969
841
169
60
78
203
335
168
87
54
399
168
458
38
84
911
703
505
650
866
544
524
494
79
500
437
381
734
468
634
170
259
638
477
416
575
734
494
440
258
112
179
217
708
93
433
70
873
661
65
854
867
66
906
188
134
724
771
425
327
889
378
807
904
903
226
380
555
756
527
594
805
416
778
900
757
852
611
544
820
442
592
655
630
870
46
932
136
868
8
545
500
505
18
652
59
867
543
438
390
41
180
908
91
72
140
362
77
64
382
666
531
521
337
85
992
219
547
293
217
898
71
829
456
380
739
13
391
395
694
22
344
712
727
459
333
452
879
521
546
423
431
576
900
340
210
970
309
23
945
915
589
649
131
168
686
326
986
593
256
622
268
66
553
374
751
445
43
284
38
406
699
980
794
329
403
918
151
274
649
185
298
183
465
575
218
191
927
26
193
810
500
583
546
731
171
230
138
125
85
189
980
782
863
480
110
172
962
710
495
899
84
740
605
54
420
319
171
75
697
264
385
229
370
106
150
293
307
869
994
596
495
693
544
441
936
476
576
55
996
557
868
214
62
592
361
631
307
871
384
863
275
467
943
422
500
639
828
749
986
747
239
625
619
467
557
553
505
933
12
626
14
991
719
965
12
595
619
932
859
433
617
219
154
73
513
861
843
220
383
891
5
880
363
667
792
709
391
571
367
868
589
789
109
821
76
684
377
571
767
99
917
93
683
186
561
69
665
43
276
488
690
560
532
787
191
496
734
110
549
856
697
914
414
406
999
397
276
565
400
268
815
850
927
381
803
551
945
811
522
188
462
369
474
527
344
606
528
834
989
341
330
779
612
672
116
508
763
541
913
49
257
72
339
233
828
105
994
772
27
81
564
560
142
155
908
63
707
453
664
256
678
11
162
192
331
680
712
186
367
42
709
448
848
478
203
438
492
38
319
460
898
848
681
677
543
291
892
967
553
103
432
815
400
942
67
608
620
85
889
247
406
46
182
802
314
629
439
189
809
196
863
597
180
289
798
864
75
453
827
809
273
238
530
313
471
497
879
222
45
795
544
778
937
28
134
939
341
311
916
413
632
798
726
423
84
763
823
987
574
852
990
422
725
399
904
816
277
184
784
144
200
619
167
62
435
709
138
53
717
47
399
169
817
838
340
193
206
549
514
502
416
294
759
740
259
927
153
129
595
460
337
124
399
153
175
900
394
276
333
401
522
317
983
490
927
832
2
593
23
803
907
328
666
625
915
383
345
488
139
262
456
599
949
809
747
596
20
878
18
634
792
38
75
383
817
677
375
412
463
436
422
13
17
716
477
354
225
114
245
884
958
717
180
937
848
341
291
493
549
317
937
119
93
771
462
835
920
811
705
549
331
394
691
781
751
586
242
225
627
523
366
166
522
981
335
723
33
746
684
595
230
484
85
353
25
742
963
953
524
185
918
239
758
28
192
665
791
15
74
709
93
160
918
337
769
719
86
952
437
131
39
438
310
870
733
347
665
102
205
782
928
950
490
1000
952
977
553
41
179
269
641
814
751
564
398
639
826
272
542
558
361
689
895
970
131
679
919
92
801
108
939
451
797
570
270
607
345
967
546
766
36
774
793
68
283
662
240
47
962
979
918
102
736
322
879
277
744
629
606
210
770
731
307
870
85
438
864
682
940
886
705
774
249
443
819
775
462
477
140
346
656
77
186
964
560
271
282
384
247
969
528
556
658
596
869
397
219
67
602
111
335
471
883
699
50
934
430
688
779
258
285
315
964
368
796
734
431
452
1
863
130
498
755
939
812
690
631
861
330
280
481
128
781
381
170
918
566
534
221
976
814
135
401
282
658
773
982
468
169
545
344
773
964
231
136
594
435
739
981
24
50
934
748
73
246
572
605
581
107
159
145
500
539
340
863
95
103
196
194
818
42
569
84
770
96
224
96
697
680
254
568
458
548
267
482
754
4
674
315
213
937
977
231
359
189
483
70
963
256
201
962
796
2
841
312
525
336
47
388
116
862
465
638
366
284
666
281
570
824
247
451
259
413
342
521
457
769
937
541
121
430
133
672
523
260
960
315
707
50
473
574
614
900
371
418
800
305
478
298
40
626
318
437
20
973
369
733
975
572
580
449
64
588
453
191
998
477
877
472
144
939
756
693
216
191
518
621
882
34
262
443
333
779
675
584
150
798
157
3
170
26
688
455
528
612
430
465
951
914
387
510
880
344
813
368
562
807
421
355
222
564
521
39
255
480
781
548
185
200
155
614
625
851
538
450
282
412
976
80
199
371
128
141
132
968
840
197
689
236
610
310
81
269
467
537
855
696
811
742
148
172
400
923
490
998
351
905
263
948
145
782
726
534
700
935
442
788
679
145
682
400
361
235
371
846
195
129
303
333
547
61
730
764
957
138
506
285
567
676
133
95
840
695
449
832
280
789
565
120
242
638
729
535
812
953
698
631
790
349
72
770
975
616
275
87
644
242
139
800
872
683
161
276
996
155
523
433
451
96
428
207
750
727
604
722
400
99
85
568
637
172
145
661
149
175
862
690
254
283
117
795
871
942
556
880
662
754
634
323
773
200
366
235
481
973
889
87
622
118
907
275
963
570
686
22
837
26
698
786
711
124
456
514
196
740
396
702
151
480
192
407
554
581
700
128
317
122
839
259
587
521
157
499
625
304
339
961
183
826
965
67
98
144
13
580
285
772
529
788
684
660
384
85
206
976
883
673
912
29
47
982
799
182
787
815
360
666
517
634
142
735
365
853
167
428
998
305
606
176
532
559
562
281
76
791
288
360
35
48
178
100
817
664
285
909
351
516
912
151
433
154
440
795
542
410
405
785
915
349
133
728
666
761
712
165
115
132
636
260
568
420
734
947
154
147
877
924
368
55
254
193
626
585
292
382
46
699
498
501
785
694
355
872
95
927
313
515
645
392
436
722
264
828
953
841
593
309
622
906
357
772
571
563
360
818
240
990
354
442
212
383
248
107
166
519
571
130
485
470
467
735
236
557
319
718
549
73
110
682
827
31
974
92
904
818
866
844
579
225
623
858
617
297
366
783
621
845
932
56
619
891
381
791
10
145
762
965
655
206
781
946
997
575
446
282
164
722
148
840
368
248
491
938
738
947
101
722
759
214
894
381
298
933
929
525
642
900
6
954
310
380
638
108
796
855
255
984
266
281
668
545
199
22
588
676
55
561
348
38
365
537
868
507
629
718
107
912
97
623
38
661
326
989
98
81
419
507
274
874
938
718
973
791
136
973
332
507
11
827
409
688
982
362
576
869
600
129
113
90
812
493
859
237
474
394
724
155
199
418
685
24
25
722
395
210
61
716
103
748
715
724
156
462
180
238
970
695
60
830
589
375
827
927
429
710
687
759
134
339
343
37
729
56
470
487
57
601
719
853
959
434
369
946
830
661
666
305
70
352
755
675
564
381
307
472
937
537
512
775
702
389
243
55
625
719
171
966
667
550
755
619
391
709
219
657
136
197
594
137
294
54
551
206
412
800
135
743
579
689
360
83
296
757
320
764
405
88
132
319
947
893
62
61
488
147
739
754
88
924
523
564
185
688
391
151
164
739
930
169
581
646
930
644
946
546
330
850
29
744
138
150
521
897
461
24
457
445
163
932
175
25
864
632
26
518
524
426
409
608
695
296
309
312
825
490
927
404
19
184
152
737
305
960
866
810
14
320
167
848
25
969
486
778
760
844
542
401
230
544
727
488
687
914
745
263
435
161
388
314
487
975
856
318
3
546
149
96
278
599
196
808
588
189
218
656
870
356
238
452
434
933
620
789
463
274
71
678
930
337
307
470
710
207
547
9
184
183
315
834
754
756
734
41
930
802
419
458
598
60
526
117
614
219
406
48
771
177
724
418
245
393
361
293
572
287
320
397
261
185
292
640
885
742
789
906
173
494
431
86
504
658
768
679
393
428
352
531
855
226
527
294
753
416
480
57
646
175
276
615
938
848
800
445
215
368
13
902
175
269
39
812
949
85
173
466
353
993
732
204
801
277
640
902
171
505
505
493
423
401
102
29
736
633
616
125
993
447
239
741
57
767
719
454
341
396
514
64
215
105
634
942
735
422
918
224
111
878
141
899
946
894
745
333
430
897
44
815
526
563
520
53
317
189
848
693
620
361
176
788
736
727
197
131
976
802
928
755
306
497
130
979
823
814
999
757
933
363
689
607
94
351
235
668
331
990
527
139
284
869
752
917
543
223
717
665
996
277
806
368
428
251
679
716
582
53
629
523
956
